7808	1
7460	1
9146	1
6230	1
7658	1
9201	1
7677	1
7459	1
3763	1
7807	1
7666	1
7654	1
6238	1
7462	1
7822	1
7823	1
7804	1
7480	1
3755	1
7806	1
7662	1
7463	1
7655	1
7811	1
9193	1
7813	1
7803	1
7671	1
7467	1
9192	1
9708	1
9999	1
9195	1
3757	1
7453	1
7812	1
7481	1
1428	1
7817	1
9147	2
7489	2
7805	2
5484	2
7479	2
7491	2
7820	2
7652	2
7490	2
9198	2
7816	2
9199	2
7819	2
9154	2
7809	3
7801	3
5031	3
7815	3
7802	3
9609	6
126	6
9161	7
9509	8
9802	8
9166	8
5516	9
1431	11
1368	15
7810	21
1012	21
7999	40
4263	43
3395	45
9202	50
8037	51
4281	58
3396	66
4382	67
7483	71
7473	73
9503	79
7472	80
7306	83
9501	87
7342	88
6000	95
7484	101
9502	106
7474	106
6169	114
7482	120
4264	131
5465	131
1188	134
7399	139
7486	143
1170	150
4273	150
7301	157
99	160
7488	160
4276	161
5248	163
3492	171
5180	174
5239	183
5126	191
7307	194
5125	197
8064	200
7302	203
3719	209
7470	209
6111	211
5354	229
8041	230
5256	242
5491	251
9707	261
1175	261
1138	262
5489	271
3182	276
7334	278
2347	281
1182	285
5191	286
4272	287
2375	290
4419	294
4285	298
8040	299
5245	307
5471	311
7319	313
4262	315
1369	320
4261	327
5095	329
5257	335
3459	336
5490	338
1398	345
6176	349
9508	350
2072	355
5349	355
7303	357
2388	361
7487	361
7461	374
1176	376
3317	384
7475	384
4267	398
5099	399
8048	400
2389	401
2405	406
5475	416
3353	423
5246	427
1178	433
3347	433
4182	437
2309	441
8019	446
5458	446
5478	448
1196	454
5112	455
8039	459
6097	467
4227	469
3224	471
1171	473
5466	473
4274	473
6132	474
7446	478
9507	485
7471	490
3154	499
6098	507
7368	513
3080	524
3331	524
1185	537
3144	557
3475	557
3637	558
3412	558
6088	560
3026	562
3493	570
4171	572
8034	573
9135	587
8044	591
3639	596
4277	600
7478	601
9506	606
6183	611
8062	614
8060	625
3717	627
2181	629
5429	633
2263	634
4153	636
3349	638
4124	643
9122	648
5237	649
2197	654
3223	678
3718	687
7648	700
4321	705
3427	711
5093	712
1120	712
3140	717
1371	719
3323	721
8038	721
1186	721
7450	724
5102	726
2087	733
5330	736
3226	739
5187	740
3398	760
3364	761
4374	765
7493	766
7485	769
3321	773
6113	774
5476	774
4047	779
4268	779
5111	783
4278	790
3095	791
5249	797
8042	797
5430	799
5244	801
5247	812
5333	815
6084	815
7445	827
3348	839
5467	839
8057	840
7455	840
3751	842
1225	844
4279	846
8059	854
3319	856
4195	856
5441	859
7552	868
3352	881
2172	883
3368	893
9505	894
4377	894
3394	901
6017	902
4420	907
5353	910
3185	910
2381	911
3411	912
4407	912
5474	920
3615	929
4378	930
3370	934
2432	936
3143	936
7639	942
4181	954
5406	967
3366	974
8043	975
6046	976
4286	987
2349	991
3369	992
3405	993
3318	1009
8054	1018
5472	1038
8050	1042
4271	1044
5341	1056
3343	1058
3170	1064
5110	1067
7476	1068
3316	1070
5483	1071
4365	1072
2091	1073
3184	1077
4266	1081
3690	1082
3408	1090
9504	1093
2168	1094
5273	1101
5351	1105
4280	1105
5352	1110
1183	1118
7457	1124
4265	1126
4270	1131
5190	1133
5121	1134
2079	1144
3354	1150
5092	1151
7469	1154
5510	1156
5337	1165
3410	1169
5332	1171
5438	1175
8051	1183
4216	1184
1181	1186
5377	1187
5437	1201
7632	1208
8024	1210
6182	1211
2155	1230
3344	1231
1179	1240
4354	1248
3479	1252
3355	1255
7447	1257
8036	1261
5379	1262
3430	1270
7454	1274
4353	1274
7464	1275
3259	1278
5251	1296
7636	1297
2424	1312
2378	1314
3320	1316
2445	1325
3714	1328
3424	1331
3397	1332
1071	1341
5253	1345
5468	1349
6156	1350
4282	1352
5479	1352
1362	1363
5459	1366
3409	1378
3367	1380
1187	1390
6112	1390
5334	1392
8052	1396
5338	1402
6018	1403
2379	1408
4179	1411
5294	1415
7370	1416
4423	1426
5298	1431
5124	1441
5372	1445
3705	1446
4167	1450
5469	1451
1140	1470
6179	1472
3482	1474
2277	1478
4165	1478
4300	1493
3741	1499
4320	1510
4121	1511
5286	1515
6155	1519
1177	1522
5185	1524
8032	1529
2290	1545
5271	1554
3039	1555
1389	1567
3358	1567
3380	1569
2431	1573
9134	1577
5186	1583
5473	1583
3636	1585
2434	1587
4157	1588
5106	1592
3183	1604
7629	1604
5079	1607
2374	1613
3293	1623
5177	1627
3094	1629
9124	1634
4174	1644
6123	1645
8025	1647
3037	1649
4154	1657
3456	1660
3181	1661
9026	1661
5278	1661
5355	1670
9095	1670
3088	1675
4185	1676
6149	1677
5296	1677
1195	1679
4381	1679
3277	1687
1367	1688
3689	1689
5350	1695
4014	1696
2315	1700
5344	1702
1124	1708
4384	1710
4380	1712
3627	1712
2299	1729
6109	1734
1381	1735
2356	1735
3209	1743
4217	1745
5250	1749
4199	1753
2384	1764
2271	1767
5448	1778
5339	1785
4194	1788
4090	1790
5268	1797
2430	1801
6092	1807
4246	1810
9092	1811
3401	1819
4161	1825
8066	1825
1385	1839
8022	1843
5331	1845
2084	1848
6085	1856
3189	1867
4178	1869
5213	1869
4206	1875
3686	1875
2251	1878
6153	1896
9123	1898
3633	1901
5113	1913
8055	1918
3677	1923
3142	1923
4221	1930
3378	1932
7406	1934
5214	1948
5270	1953
5282	1956
3222	1959
5464	1960
5252	1975
4324	1986
2070	1987
1226	1987
2383	1989
5470	1994
3240	1995
1339	1996
4057	2000
1214	2010
2376	2017
1363	2018
1336	2019
6166	2022
2085	2027
3225	2030
7465	2034
9137	2034
1366	2035
1399	2037
5404	2041
5443	2044
2342	2050
2373	2059
3740	2059
5513	2070
2262	2071
5452	2073
4170	2075
3193	2076
1184	2076
5460	2082
1114	2082
5115	2084
4202	2094
2186	2096
7477	2098
3414	2101
5335	2104
6048	2114
2426	2121
4243	2126
6104	2127
7625	2131
5117	2135
4177	2144
3145	2147
2370	2150
4168	2151
9121	2158
3687	2161
5107	2162
5297	2165
2071	2170
4173	2173
5272	2186
2385	2210
6128	2213
3404	2231
1115	2238
3716	2243
3428	2249
5433	2252
7441	2259
4325	2261
4231	2262
7416	2263
6138	2263
3675	2267
5405	2268
3739	2272
3187	2279
6054	2279
6167	2287
6122	2287
1118	2288
7627	2312
3141	2317
5324	2322
4208	2327
5446	2330
2108	2331
9005	2334
8026	2336
4257	2344
5043	2349
6192	2350
1003	2367
1208	2368
3735	2372
7631	2374
3330	2376
7456	2380
9023	2384
5080	2385
2358	2388
5442	2389
4247	2395
1386	2399
5487	2399
3211	2407
3703	2412
6144	2413
5346	2417
4383	2422
4190	2425
6140	2425
9705	2430
5455	2431
6052	2431
6076	2438
5502	2453
5422	2465
3745	2466
5101	2468
4065	2470
6014	2477
6083	2483
5462	2485
3097	2486
4184	2487
4232	2490
1272	2496
1315	2508
5336	2509
4366	2511
7623	2513
6146	2518
3329	2522
5435	2523
9929	2527
4214	2530
7628	2531
3478	2535
4134	2536
5122	2537
2312	2551
2175	2558
7431	2560
5293	2565
3646	2566
5328	2571
9132	2571
9088	2579
4218	2589
5028	2599
6196	2601
2067	2611
5264	2612
3231	2615
5183	2617
3708	2631
3336	2634
5383	2637
1136	2638
3186	2645
5118	2647
3691	2647
1265	2649
9093	2654
3208	2655
5373	2657
3634	2661
5416	2662
7638	2674
9019	2676
7362	2684
4151	2696
4035	2702
6184	2707
1288	2708
1130	2710
5243	2713
2372	2722
4275	2722
1274	2725
6071	2731
5269	2737
5327	2747
1289	2757
5511	2757
2268	2758
2404	2768
3221	2773
3465	2773
1194	2776
5184	2780
5463	2781
2403	2785
4252	2791
5108	2805
2021	2807
4141	2807
4196	2811
9118	2813
3043	2819
4201	2821
5434	2823
4044	2827
1273	2836
5179	2837
5425	2842
5123	2844
5212	2846
3471	2850
3507	2851
3455	2852
5181	2857
6199	2860
3350	2864
6201	2865
2417	2875
2041	2884
9127	2898
4172	2912
1112	2913
4223	2914
7602	2928
9049	2930
7553	2932
4212	2939
4355	2941
8063	2947
3188	2958
3490	2975
4379	2976
2151	2979
5210	2980
5995	2982
2178	2983
5503	2989
4307	2993
5340	2993
6081	2999
2444	3014
7448	3014
6198	3014
4156	3014
6079	3016
3684	3016
2270	3063
1227	3070
4024	3072
7554	3076
9133	3087
3069	3087
4060	3091
3737	3091
4193	3097
5128	3101
5342	3104
2300	3105
5477	3107
4158	3120
2272	3126
3638	3129
3377	3130
2386	3136
5100	3140
8023	3148
4356	3152
4219	3165
5027	3169
4406	3172
3711	3178
7364	3189
5280	3191
9040	3193
5155	3193
5023	3193
5119	3194
7649	3206
5235	3210
4251	3211
4102	3217
7440	3218
9037	3220
5449	3231
9923	3231
5343	3243
5008	3250
6173	3253
3489	3260
3075	3261
6178	3267
3678	3270
4370	3271
3279	3272
5418	3277
6197	3281
2348	3283
5376	3286
3374	3287
5444	3292
3480	3313
3375	3331
3163	3337
9907	3355
5089	3357
6121	3367
2180	3370
4120	3372
4116	3389
6102	3391
5262	3404
3702	3404
3245	3405
5084	3409
8046	3413
8049	3414
5325	3415
4296	3416
5105	3416
6181	3419
3034	3420
6175	3433
5440	3434
5241	3434
5103	3439
2224	3440
4046	3443
5012	3444
3017	3449
4284	3450
5005	3452
1172	3452
3679	3457
5197	3464
3721	3466
1411	3466
5188	3468
4109	3469
4297	3471
3023	3471
3153	3472
8035	3475
2377	3484
5420	3492
4248	3494
3328	3495
2190	3513
1210	3514
3266	3517
4198	3521
5238	3524
4343	3530
5104	3530
4256	3530
7626	3537
3449	3546
3470	3551
4045	3559
5323	3566
5326	3567
6053	3568
3444	3573
3443	3575
3431	3580
2298	3581
4345	3588
6200	3590
7633	3592
8056	3595
4421	3599
3692	3607
4357	3611
4255	3616
6114	3617
6195	3618
3346	3622
3114	3638
4392	3645
4317	3648
5019	3651
6020	3652
5362	3663
1191	3665
3641	3667
5345	3672
1034	3677
7610	3679
2261	3684
2090	3689
4283	3689
3474	3691
6033	3692
5396	3694
2229	3702
6049	3704
2352	3712
2182	3718
5512	3725
6030	3726
3371	3730
3322	3735
5498	3746
6057	3750
3076	3751
5318	3752
4152	3762
6015	3765
3676	3775
4203	3779
6087	3781
5265	3781
3744	3791
2157	3798
3030	3803
5266	3804
6063	3809
4342	3818
4225	3823
2123	3824
2387	3855
4417	3867
6025	3872
4333	3876
3230	3880
1311	3882
5375	3884
3372	3890
1412	3896
1151	3897
3504	3898
2081	3903
3151	3905
4027	3908
5267	3912
5234	3913
1335	3915
3392	3916
1356	3921
1388	3923
2171	3932
5060	3933
3625	3935
3086	3942
5415	3944
3084	3947
3175	3947
6058	3950
1338	3951
6069	3955
4415	3960
3457	3965
2047	3971
1239	3980
4087	3982
3048	3991
2369	3994
3393	4000
3018	4004
4041	4007
7410	4012
8058	4014
2291	4016
6174	4031
5156	4031
1266	4044
8047	4053
5386	4054
6170	4058
2156	4062
6108	4063
3324	4066
4180	4066
5315	4066
4133	4081
3733	4088
6056	4101
5488	4103
3194	4113
7624	4114
6134	4115
2446	4116
4068	4119
5451	4121
3265	4127
9101	4128
9608	4129
2294	4132
3357	4135
2394	4136
9108	4137
5320	4139
9080	4142
6136	4147
3072	4149
4235	4151
3505	4152
3063	4154
3635	4156
6077	4187
4373	4199
6080	4201
6039	4202
5056	4203
3345	4212
3626	4220
3390	4229
4335	4238
5006	4240
7442	4243
4188	4245
5109	4260
3356	4265
3472	4267
1419	4270
3704	4270
5999	4275
9117	4277
4339	4301
2188	4303
3688	4310
9094	4310
2233	4311
6160	4315
2125	4321
7419	4324
5432	4341
5154	4344
3629	4346
4253	4349
5453	4366
9096	4370
4138	4372
7430	4374
5205	4386
9113	4386
2354	4391
5514	4393
3631	4394
3743	4400
1383	4406
7379	4417
3386	4417
4091	4418
5283	4430
1424	4432
1360	4438
3152	4440
5139	4455
8030	4458
9909	4463
7637	4465
4163	4474
7630	4478
1228	4488
4006	4489
1390	4493
4236	4498
4316	4511
4371	4512
6188	4513
4132	4517
6082	4532
3738	4540
4291	4545
9126	4549
3694	4552
3734	4553
7426	4560
1422	4584
3473	4597
5504	4602
3237	4603
3244	4622
1111	4630
3446	4632
3454	4638
5276	4646
5506	4649
1264	4653
6129	4654
6139	4658
3697	4658
9935	4660
6016	4671
3742	4671
4187	4679
4288	4685
7551	4685
3195	4689
5216	4693
4244	4694
5392	4700
6065	4703
1405	4710
2232	4716
8018	4716
3280	4717
7449	4722
5138	4726
6186	4726
4007	4726
2228	4728
2265	4733
3359	4738
6006	4740
3709	4749
3502	4756
6110	4761
3436	4770
7620	4773
6185	4780
3074	4782
4239	4789
4260	4789
5228	4797
6055	4806
6106	4808
4117	4814
2086	4815
3672	4818
3260	4819
5382	4823
3241	4833
5285	4835
5381	4836
9125	4855
5026	4855
3361	4858
8027	4864
1218	4865
2411	4887
9120	4888
3079	4889
5486	4899
7634	4903
5076	4903
8061	4905
3439	4907
1122	4913
6187	4917
5020	4921
7436	4923
4018	4927
2206	4929
4081	4935
4066	4945
4207	4955
3326	4957
5401	4961
9077	4967
2337	4972
1125	4980
9071	4983
6070	4991
4136	4993
6034	4997
3673	5010
9136	5012
6103	5014
5281	5017
4398	5030
7376	5036
5497	5052
9910	5053
7427	5064
1113	5075
3376	5079
7407	5085
6066	5090
3750	5094
5140	5099
4186	5104
2382	5106
6180	5107
2145	5108
6044	5108
4289	5111
4142	5115
7443	5116
7380	5116
7604	5127
9131	5129
4114	5132
3049	5140
2339	5148
3666	5149
5087	5150
5261	5151
9039	5153
3073	5153
4369	5173
6190	5180
5116	5183
3682	5185
6126	5195
3727	5200
4059	5201
3242	5209
3460	5214
6078	5217
6189	5217
3413	5219
3695	5220
1105	5225
5496	5242
4128	5254
4103	5257
9015	5267
6171	5271
5074	5273
2314	5280
4169	5280
6131	5281
5263	5287
5050	5288
4092	5288
3272	5294
3434	5298
1141	5301
3051	5314
2179	5314
2433	5328
7635	5329
4220	5340
5284	5348
7414	5352
7391	5376
5230	5381
2013	5383
2223	5384
3423	5390
3736	5393
3286	5399
6120	5399
3290	5409
2100	5410
7563	5414
3373	5415
3652	5422
3429	5424
2398	5425
4367	5440
6135	5443
2286	5454
4205	5473
3365	5479
1377	5479
5413	5484
3196	5490
3650	5490
4166	5501
4155	5520
5055	5520
5173	5523
3325	5525
6137	5527
1159	5531
4250	5535
5209	5542
3120	5544
3389	5545
2425	5549
5431	5550
2034	5558
3712	5562
1119	5562
2082	5563
3416	5565
5424	5568
4422	5568
9607	5570
4176	5570
3268	5573
5507	5580
6157	5592
1060	5593
1217	5594
9110	5619
3452	5621
5226	5631
6130	5643
6145	5644
3261	5646
5225	5652
6093	5654
2336	5673
3243	5674
7601	5675
3680	5676
4130	5677
6151	5678
5029	5680
1293	5681
1050	5684
5013	5687
7367	5698
7614	5704
4254	5706
2351	5706
2227	5735
3674	5736
1224	5741
2427	5743
5322	5746
5319	5747
3036	5749
2267	5749
5403	5763
3384	5763
2203	5765
2170	5767
9089	5769
4048	5770
5402	5776
3696	5776
5321	5785
5075	5795
4290	5803
1238	5803
3315	5807
4183	5807
6072	5810
2198	5827
3287	5833
7425	5855
7366	5857
4245	5885
1413	5887
4368	5891
2094	5895
9004	5899
3258	5899
4213	5899
1313	5900
4224	5902
6007	5903
9912	5919
2293	5923
4413	5929
5398	5932
2235	5938
5274	5947
6158	5955
4312	5965
5279	5966
4122	5967
5457	5982
2266	5990
4315	5998
3387	5999
7412	6011
4388	6015
7415	6041
3351	6043
7418	6046
2412	6057
3078	6061
4229	6067
4028	6070
4089	6085
3379	6097
2106	6099
2187	6102
6045	6111
1096	6113
2215	6124
1145	6134
4403	6135
6095	6137
5017	6139
7603	6139
5482	6141
1391	6153
9922	6155
1079	6159
7557	6169
5120	6173
3415	6173
1117	6180
6047	6188
4002	6212
6141	6218
4294	6230
1284	6234
6142	6250
6162	6253
2018	6255
2452	6265
3220	6266
6101	6268
5456	6270
8008	6271
2269	6282
4359	6287
4375	6301
5394	6317
6154	6321
5374	6322
9920	6334
2195	6337
6061	6338
5014	6342
5081	6343
3720	6344
9050	6352
3210	6361
9701	6364
7621	6380
7423	6390
4042	6390
3192	6392
2159	6393
9106	6402
4242	6408
2406	6414
4129	6414
3327	6417
2044	6417
7372	6433
9061	6438
5998	6443
5220	6447
3236	6451
9084	6455
2045	6458
7417	6472
3273	6477
6124	6484
2161	6498
3663	6502
5384	6506
5450	6512
1213	6520
2428	6542
1262	6553
2167	6553
4189	6556
4088	6559
6194	6571
7564	6574
6202	6587
3458	6591
2307	6594
6004	6609
6148	6611
1173	6619
3381	6619
3617	6629
5096	6629
9018	6631
5310	6644
7373	6647
6163	6650
4222	6650
4106	6655
6172	6663
1209	6664
7390	6670
5380	6675
9065	6686
5073	6701
4192	6712
2304	6714
5094	6715
4302	6720
1157	6723
3722	6734
8006	6748
3453	6751
1344	6762
6060	6771
2363	6784
1137	6796
9128	6800
2196	6803
9908	6806
9025	6818
4360	6833
6133	6835
1275	6835
3442	6845
5227	6850
6208	6856
3425	6863
2177	6882
2413	6888
9038	6892
3653	6899
5169	6904
1206	6905
2429	6905
5485	6907
1011	6912
4040	6917
5414	6930
7360	6944
7619	6949
5395	6956
1408	6958
5300	6968
5215	6969
5045	6990
4139	6993
3197	6998
6099	6999
6024	7025
2390	7028
4058	7037
2288	7046
7606	7056
4063	7062
1407	7065
5049	7074
1038	7083
1340	7089
5421	7093
5048	7102
2046	7104
2069	7119
8033	7132
3218	7137
5189	7139
3450	7144
3681	7151
2174	7172
1128	7180
5018	7186
4104	7191
2173	7198
5417	7201
3050	7226
4385	7230
6127	7231
3701	7242
8005	7245
4259	7248
3700	7249
1174	7252
3645	7256
5194	7286
4295	7293
7365	7296
3707	7307
6147	7312
5083	7319
1384	7334
7560	7344
3062	7355
4204	7362
1075	7364
6074	7366
1193	7370
2226	7371
9048	7377
4334	7380
5221	7383
4026	7384
2289	7406
5290	7409
9073	7418
1343	7418
5500	7419
6037	7419
4233	7421
4131	7434
5218	7453
6032	7472
5307	7479
5088	7489
4175	7510
2201	7523
5994	7557
1180	7568
6059	7571
1095	7579
2306	7591
7432	7591
3203	7598
5208	7613
2345	7620
1352	7621
5030	7626
3612	7632
5454	7633
2048	7635
4148	7640
7609	7643
9916	7652
1345	7655
1106	7662
3432	7696
4137	7706
2152	7718
5176	7730
6143	7741
5152	7743
7607	7760
5078	7773
4160	7776
3127	7776
2098	7795
6193	7800
1042	7809
3630	7812
3602	7820
5356	7826
4118	7828
4055	7830
6009	7835
3476	7837
5393	7845
1162	7850
3464	7877
3619	7879
3119	7887
3111	7888
5091	7890
1039	7890
3262	7890
1139	7895
4062	7914
5275	7945
7369	7945
8021	7948
4105	7964
4424	7975
5163	7981
4386	7981
2066	7991
4012	8013
3207	8019
2366	8030
9076	8039
3732	8057
3314	8078
9129	8080
1354	8083
5445	8084
6062	8103
3214	8114
9002	8116
3640	8117
3012	8136
2273	8138
3157	8152
9924	8157
2397	8164
3435	8174
6096	8176
3693	8186
2341	8190
9604	8198
4019	8209
2359	8214
1414	8215
4115	8219
3461	8234
2140	8235
2400	8241
1092	8243
1421	8253
1355	8262
9085	8273
3238	8276
9022	8278
9059	8286
2396	8291
2028	8305
2447	8307
2353	8313
4067	8315
3204	8326
5385	8327
6119	8329
5505	8335
1073	8336
4412	8349
4327	8358
4164	8373
4404	8382
2297	8384
3623	8384
4053	8386
3388	8391
6022	8404
5196	8411
1400	8429
9010	8434
9062	8451
3728	8457
2120	8462
2162	8492
3726	8502
4197	8506
2350	8508
7605	8534
4411	8549
7411	8557
3180	8559
7385	8577
2169	8587
3190	8594
4332	8603
3725	8606
4416	8620
9045	8629
3382	8631
1316	8633
3215	8638
5200	8642
9014	8644
1393	8646
3391	8674
2450	8678
1270	8680
1121	8683
1248	8693
5025	8704
5004	8711
7617	8712
1134	8735
9606	8743
1155	8754
5461	8755
5199	8757
5032	8766
3651	8770
4029	8770
5495	8772
7435	8784
5481	8800
7345	8824
9083	8825
3028	8838
3126	8845
4145	8869
6164	8876
4017	8893
2216	8895
2160	8925
5195	8929
6210	8946
3729	8960
2250	8967
5086	8983
5389	8986
5034	8992
2344	8997
3668	9010
9926	9015
3235	9020
3462	9027
4364	9028
2357	9038
7558	9041
9112	9043
7398	9048
3115	9053
5426	9054
3654	9060
1312	9067
7444	9094
5160	9101
3448	9113
9107	9118
7437	9118
9090	9132
3113	9153
5202	9196
3499	9213
9081	9219
4372	9229
2320	9229
5015	9242
3271	9260
3445	9284
5436	9286
4123	9292
6075	9307
7616	9320
5317	9331
7413	9331
3121	9341
6043	9355
3385	9357
5211	9362
2183	9364
8031	9388
6002	9394
6038	9397
3620	9402
4323	9413
6125	9423
9119	9432
3360	9440
4329	9442
3628	9463
7374	9469
5397	9471
1249	9484
5158	9487
3426	9489
3014	9495
4125	9500
3683	9505
7331	9527
4032	9530
7351	9530
5207	9542
2276	9544
3233	9589
4001	9592
5292	9596
9091	9610
5085	9624
6068	9641
8001	9642
7361	9661
4143	9667
6152	9677
2439	9681
1297	9683
4314	9691
1290	9693
2083	9699
1107	9706
5217	9715
9919	9727
5051	9734
6094	9738
1314	9749
4108	9754
4135	9754
1281	9755
4191	9756
6177	9757
5059	9777
1387	9789
3447	9820
5069	9824
1211	9838
6100	9864
9100	9866
2305	9866
1076	9866
7615	9874
1240	9877
5447	9878
6023	9880
2184	9884
3469	9888
2441	9895
9102	9911
7371	9913
1127	9936
6008	9939
3632	9940
9921	9955
6035	9960
8009	9963
9066	9974
4061	9981
1410	9998
9075	10020
5040	10021
9603	10031
6067	10041
5090	10055
5390	10057
5174	10097
6159	10114
3481	10117
3274	10133
3463	10145
3061	10157
8029	10158
1110	10158
5277	10161
3191	10211
4234	10213
6168	10222
6105	10241
1396	10245
3724	10258
3340	10259
3601	10259
1370	10260
3122	10260
7618	10267
6064	10269
3621	10271
2147	10278
2436	10341
5423	10358
2308	10387
5057	10387
2380	10399
3723	10401
7429	10406
3618	10411
3335	10418
3730	10429
9130	10447
5508	10447
7409	10479
1406	10489
9020	10489
4080	10492
3232	10510
6191	10513
4070	10529
3437	10559
2367	10564
3713	10604
5082	10628
5316	10643
5142	10646
4351	10657
8028	10664
3112	10676
2295	10726
9060	10752
4328	10762
3610	10763
2050	10767
3667	10769
2135	10788
9104	10796
4215	10803
3091	10804
3270	10815
9086	10820
7565	10833
9016	10834
1372	10838
3060	10854
2282	10866
6086	10897
9058	10909
3131	10937
5480	10963
5308	10965
2321	10970
6021	10974
9602	10996
5039	10997
3083	10997
2401	10998
3264	11000
3685	11004
2005	11012
2009	11024
1247	11028
4023	11041
4034	11044
2053	11066
3148	11114
7556	11124
3160	11133
4022	11140
3011	11151
2007	11169
1066	11183
5171	11190
5137	11201
4054	11213
9925	11227
4056	11237
2338	11254
2205	11259
6089	11269
6090	11272
6041	11279
4101	11279
2343	11297
9052	11300
2130	11301
1019	11362
3031	11363
3219	11365
6118	11367
3212	11370
1033	11382
3603	11386
5312	11387
5041	11449
2303	11452
2121	11491
9917	11508
4301	11516
3484	11520
2248	11578
4238	11615
5044	11627
4405	11627
1082	11633
7386	11642
2199	11658
3438	11661
9013	11673
9915	11689
9927	11709
4394	11712
9079	11739
5136	11754
3731	11754
6091	11773
1043	11792
4376	11798
9911	11814
3451	11814
4043	11816
1104	11822
4309	11823
1242	11863
3263	11884
2408	11892
9605	11896
9601	11928
3706	11936
5378	11939
1074	11959
6036	11974
9035	11990
3664	11994
6003	12022
5997	12029
3123	12068
7341	12070
6013	12076
6161	12090
5427	12095
1255	12104
9928	12121
2092	12127
6027	12173
4258	12178
2043	12195
5157	12218
4322	12244
4064	12250
1353	12311
1198	12337
4021	12359
2302	12410
3213	12410
3748	12439
2333	12440
2331	12482
1154	12524
1375	12542
7315	12583
5052	12585
2153	12599
3001	12610
3613	12613
1361	12622
5149	12640
5153	12644
3269	12659
7384	12660
4326	12663
2051	12734
7403	12742
7555	12778
7356	12782
2099	12802
3147	12848
3467	12866
2458	12868
4387	12888
3059	12898
1004	12924
7613	12930
2328	12944
9064	12997
4399	13014
3005	13031
1318	13038
9029	13044
2253	13045
1244	13049
8004	13064
9704	13071
2158	13082
5134	13084
2255	13085
2132	13088
1037	13115
1325	13123
1048	13137
1091	13175
4361	13182
7404	13187
9115	13212
1357	13239
9001	13255
1342	13260
9042	13263
2113	13273
2076	13275
7405	13286
7389	13296
3440	13296
9903	13349
6029	13349
5289	13379
4100	13383
5309	13420
9054	13443
2103	13448
1333	13449
9105	13481
5509	13499
9036	13510
3644	13528
1055	13540
3217	13559
5064	13567
6005	13568
9070	13571
5132	13579
1212	13596
4306	13628
1023	13642
1301	13644
6116	13724
4126	13752
7608	13761
2031	13771
7421	13791
1005	13792
6165	13806
9703	13813
3339	13818
7336	13847
5024	13860
4310	13862
9024	13868
9063	13879
2192	13880
4211	13895
6028	13912
4110	13914
6209	13984
1021	14081
1286	14156
5499	14158
1401	14186
1380	14190
2221	14193
5148	14219
9074	14231
3025	14246
9027	14256
1317	14261
1373	14265
2163	14284
2037	14296
1158	14303
2393	14322
3608	14348
1129	14396
6012	14399
2137	14424
4337	14430
3658	14430
9078	14436
5364	14440
3053	14458
1402	14476
9032	14495
9702	14522
3033	14546
2150	14554
3611	14567
1142	14571
3710	14581
3749	14598
2115	14627
1330	14634
3441	14665
4269	14666
3249	14668
1294	14678
9902	14685
4340	14689
2097	14690
2279	14691
3099	14713
3334	14788
3132	14815
2193	14838
3021	14912
5172	14940
1308	14949
7340	14986
9057	15016
3503	15026
4344	15034
5314	15036
6207	15101
9046	15132
1397	15140
7317	15148
3253	15164
1298	15171
1215	15180
9031	15212
5144	15217
1163	15229
2451	15237
1072	15274
5369	15309
2023	15354
6073	15360
5206	15362
3604	15394
3616	15399
7559	15416
3149	15435
9009	15446
3110	15449
2438	15452
2246	15501
7378	15532
5419	15545
2361	15556
4037	15557
3656	15557
7402	15564
9097	15565
3642	15573
7377	15619
2443	15629
2264	15711
6107	15721
7346	15765
3500	15785
3038	15790
7622	15792
3251	15886
2049	15896
3202	15909
2030	15912
1376	15920
1040	15926
2095	15939
2212	15979
9116	15994
5065	16061
3670	16072
5391	16084
2052	16094
7311	16124
3002	16130
3661	16173
9041	16204
6115	16212
3466	16227
2119	16230
5053	16279
7401	16307
1022	16364
4073	16365
2117	16426
1271	16465
4391	16493
4146	16534
7381	16536
4393	16555
2149	16571
4071	16572
7363	16573
1197	16583
2281	16585
5150	16586
1365	16588
3747	16606
3035	16654
1235	16666
6042	16685
3699	16685
1394	16725
3606	16748
4074	16766
5361	16767
4409	16768
4395	16789
3158	16803
7375	16813
1013	16821
1245	16838
4086	16857
9034	16867
7394	16900
2368	16904
3614	16917
4075	16920
4397	16940
7611	16968
3486	16985
1078	16993
9053	17031
1051	17043
1164	17056
3660	17090
1347	17141
9007	17141
5067	17156
9011	17166
3130	17166
5159	17226
8011	17228
971	17241
9012	17258
2284	17271
5368	17292
5204	17329
2410	17337
5016	17353
9082	17356
4010	17362
7562	17404
8007	17417
3669	17430
7353	17439
2194	17443
2185	17498
5370	17498
1341	17531
3008	17580
1332	17628
1300	17630
5287	17632
9930	17639
1321	17682
2236	17685
3671	17701
7400	17729
4113	17792
5311	17837
4078	17859
3077	17866
5224	17920
1093	17923
1348	17925
6150	17931
9905	17947
5222	17966
9918	17973
1425	17986
1299	18007
2415	18022
4338	18047
5066	18047
7337	18072
1280	18084
5260	18110
9114	18114
2437	18132
7344	18236
2075	18278
1346	18294
2440	18300
5201	18303
2116	18317
4308	18336
4313	18370
2454	18383
3087	18402
2423	18497
3102	18538
1032	18576
2360	18609
4400	18656
4341	18691
4079	18694
3649	18698
1143	18706
7312	18758
2217	18855
9103	18876
1131	18881
4149	18887
4408	18900
5146	18904
2323	18916
1044	18918
2110	18921
7352	18926
9043	18940
9044	18948
7561	19028
5360	19029
4052	19072
5306	19138
5162	19139
1374	19172
2418	19241
7424	19241
5371	19254
7343	19289
1310	19289
1190	19334
3054	19361
2165	19394
7321	19409
7408	19435
4107	19464
5164	19465
1084	19466
6001	19475
1287	19482
5301	19557
2202	19561
3101	19619
7313	19649
5399	19656
9906	19673
3643	19683
7322	19705
6211	19713
2419	19746
9932	19764
5501	19811
2402	19812
5151	19817
1016	19818
1296	19838
5072	19900
4098	19932
9913	19934
9021	19945
3150	19961
5229	19983
2207	20024
2392	20037
2362	20037
2136	20061
1090	20110
7324	20126
4015	20161
5168	20187
1334	20197
5135	20203
3239	20234
5223	20242
9028	20246
2118	20250
1080	20265
2038	20278
9008	20369
5411	20395
3659	20423
9099	20466
1135	20467
2112	20468
2022	20475
9904	20492
7393	20512
1327	20524
6026	20578
4209	20651
1126	20665
1254	20671
3055	20730
1009	20754
9056	20846
5299	20852
3257	20857
2143	20906
2213	20930
1257	20957
3007	21003
3662	21072
1067	21124
3609	21191
7357	21210
4226	21230
1328	21267
2122	21361
7392	21389
5170	21416
5219	21514
1094	21534
3275	21538
5141	21570
3715	21570
1018	21637
1027	21641
1319	21654
1087	21730
3124	21791
7350	21796
7314	21798
1416	21801
5347	21808
7348	21821
1015	21894
1277	21922
3605	21930
1282	21951
5388	21954
2335	22018
4396	22061
1024	22105
2326	22106
3199	22111
4210	22123
1379	22156
1307	22162
9030	22218
5412	22257
2254	22266
2001	22285
5288	22339
1358	22340
5009	22355
5147	22417
1010	22425
4119	22436
6206	22530
2144	22534
1326	22540
7316	22563
4096	22579
7332	22621
3058	22649
2453	22671
4009	22710
6040	22713
2032	22737
5313	22740
2142	22873
5492	22878
2395	22924
3118	22996
1109	22997
1031	23007
1002	23038
7328	23070
1309	23155
1417	23265
1230	23274
3647	23274
5259	23304
4069	23347
3106	23349
5046	23436
3006	23449
2422	23453
5145	23518
4230	23531
1153	23532
3216	23538
1427	23556
2317	23567
2365	23636
2407	23662
4240	23685
1065	23701
1116	23763
7359	23775
2225	23819
5070	23838
2189	23861
1349	23872
5198	23910
1221	23947
1108	23970
9933	23994
5410	23997
7354	24014
9047	24022
7318	24038
1207	24137
2104	24164
7396	24182
3607	24188
5358	24194
1253	24216
3468	24365
4005	24414
1268	24453
1322	24466
8010	24482
3089	24516
2027	24527
3129	24530
2101	24574
1189	24577
9111	24579
9068	24635
1243	24677
5203	24713
1331	24756
2414	24785
5363	24795
1059	24812
7382	24930
5348	24941
2109	24956
1001	24963
1420	25043
1052	25053
5193	25053
5408	25080
5175	25104
1302	25105
1320	25126
5494	25134
7338	25150
5021	25236
4077	25242
1279	25244
5143	25270
1102	25304
1161	25312
2089	25322
3622	25324
7330	25445
2280	25457
1054	25509
5131	25526
1007	25578
3003	25593
4112	25604
2327	25684
2391	25737
2204	25811
2127	25876
4410	25899
3342	26041
2416	26103
2036	26117
3090	26132
1432	26176
1337	26191
1014	26312
5010	26353
5365	26362
1160	26362
1088	26487
1324	26489
7310	26497
3228	26540
1415	26610
1099	26652
5061	26673
2435	26806
2004	26820
1219	26855
2420	26867
9931	26886
1156	26951
2060	27006
9087	27066
9006	27103
1222	27110
9072	27209
5305	27238
3205	27250
6205	27268
5357	27315
2237	27377
7320	27452
3162	27552
3483	27570
1404	27583
2191	27612
1168	27643
1103	27725
9098	27892
3201	27972
5166	27999
9055	28000
1036	28058
3200	28113
4097	28161
5387	28203
1041	28205
1167	28210
7325	28247
9914	28250
7355	28283
4050	28301
5058	28347
9003	28444
2364	28449
5167	28467
5062	28501
1028	28543
4352	28548
2211	28589
7566	28774
5054	28808
3103	28902
3418	29048
3657	29060
4008	29069
1276	29243
3420	29407
3648	29407
1378	29431
1017	29526
2033	29590
7428	29722
1165	29731
1085	29889
4390	29934
3417	30119
3159	30122
4362	30156
4083	30194
9067	30206
4076	30329
1045	30329
5129	30467
5400	30672
2093	30691
5068	30795
1350	30811
1306	30813
2026	30913
3022	30981
8017	30982
3338	31032
1169	31071
2061	31096
5161	31370
9051	31439
1020	31472
1434	31519
7323	31550
4082	31598
1252	31681
7349	31702
2243	31774
2134	31848
2409	31919
2311	32315
2074	32429
1267	32482
2209	32746
1292	32797
1403	32919
2332	33131
5291	33215
2222	33312
2313	33331
1089	33385
1329	33405
1232	33428
7327	33720
5071	33846
2346	33936
3165	33941
1144	33975
9017	34142
4311	34333
7329	34454
1395	34479
4020	34582
1152	34589
7309	34632
4147	34701
2088	34956
2107	35043
1303	35247
7395	35272
5409	35631
3655	35759
1435	35792
2310	35848
2325	36228
1133	36380
9901	36393
1081	36512
1220	36633
2073	36718
1101	36955
1026	37036
3487	37065
9706	37395
2231	37577
2252	37617
7326	37880
2102	37917
2008	38179
3052	38195
3098	38226
4013	38479
5133	38488
5130	38604
8003	38709
3276	38756
5359	38764
9069	38936
1304	38942
1132	38957
3746	39104
1364	39351
2131	39514
3045	39514
1069	39716
2003	39774
2421	39867
1063	40365
2247	40644
2014	40644
2318	40780
2285	40954
5063	41018
4072	41163
1359	41340
1146	41489
7387	41532
5011	41557
1269	41696
2133	41884
1008	42109
2058	42154
2449	42197
1058	42387
2126	42400
5037	42657
2010	42731
2024	43356
2019	43566
1351	44010
3333	44183
2164	44599
2330	45081
1123	45141
8015	45178
2146	45325
6117	45363
9934	45974
8014	46173
8016	46472
1229	46577
8013	46948
7335	47170
4363	47351
3100	48356
1006	48697
1430	48776
2035	49095
4292	49829
8012	49920
2220	50203
5047	50718
5002	50889
2322	51235
2334	51683
1166	51778
2025	52050
5001	52631
1150	53353
4004	53447
1256	54085
4049	55362
2210	55844
2139	56417
2141	56603
1285	58077
2059	60983
8002	61342
2138	61464
5022	61584
2042	61698
4237	62177
1077	64746
2105	65886
1323	67034
2371	75749
2040	81523
7358	82771
7339	84118
4051	92196
\N	103098
1053	114114
