6235	1
7506	2
6000	2
6225	5
9709	5
7507	6
6238	7
3310	7
6214	8
6216	8
7305	8
4331	10
4293	10
3312	10
7452	10
6226	11
4303	11
3291	12
3109	13
3753	13
8064	13
6227	14
6215	14
8053	14
3104	15
6212	16
9138	16
6213	16
3009	17
6237	17
4425	18
6232	18
1012	19
10	20
3311	20
3309	21
6228	21
3304	22
6231	23
9171	24
9179	24
6218	24
3298	24
6234	24
3108	24
6223	25
7451	26
9207	26
3125	27
4285	28
5178	28
6220	28
5114	29
6233	29
3093	29
5329	29
9611	30
6229	30
5245	31
7438	32
3770	32
8032	33
5257	33
4287	34
3004	34
6221	35
5179	35
3313	36
1291	37
9175	37
1438	37
6230	37
6224	38
6222	38
4418	39
5999	39
5407	40
9503	40
7458	41
5248	42
4281	42
3299	42
9150	43
3308	43
7515	44
5125	44
9157	45
8037	45
1199	45
4419	47
2315	47
6098	47
1392	49
1236	51
5093	51
4286	52
4407	53
4272	54
3764	54
2230	55
8047	55
7301	56
3433	56
5460	56
3760	56
2242	57
7495	57
3305	58
5458	58
3767	60
3247	62
5256	62
9152	62
6217	63
9708	64
9208	64
3116	64
9612	64
2324	65
4304	65
5251	65
4025	66
3246	66
3528	67
4271	68
3117	69
2081	70
5995	70
4117	70
8034	70
1060	70
8050	70
8042	70
9139	71
5119	71
2077	72
3665	73
3762	73
4318	73
5096	73
3768	75
2006	75
3421	75
2155	75
5121	75
5252	76
3758	77
1203	77
9205	77
3757	77
1237	78
3504	78
8058	79
2087	80
5510	82
6204	85
8062	86
5376	86
5367	86
2459	86
3765	86
3505	87
7306	87
5354	88
5350	88
3146	88
3763	88
5487	89
3509	89
8044	90
5188	91
9162	91
5180	91
5471	91
3755	92
3769	93
5477	93
3057	93
5377	93
5092	93
6176	94
4065	95
5184	97
9158	97
4384	98
5994	98
9140	99
9206	99
5349	99
4429	99
3477	99
4041	99
5353	99
4415	100
4263	100
9184	100
1419	101
3510	103
5102	104
8020	104
3040	104
1049	104
8039	105
5243	105
4193	105
5491	105
5490	105
5124	106
5266	106
5247	106
9164	107
3527	108
4421	109
5099	110
5112	110
3256	111
5489	111
4378	112
2086	113
4382	113
5351	113
9197	114
9198	114
8059	115
3459	116
3164	117
\N	117
3084	117
8060	118
1185	118
6039	120
5031	120
8041	120
3511	120
5106	120
4264	120
4282	120
5191	121
5473	122
4377	123
1409	123
3508	123
4428	123
4420	123
5246	125
3771	126
9163	126
4380	127
5118	128
4007	128
9151	128
6111	128
4423	128
3759	130
9195	130
5362	130
9180	130
3652	130
7658	132
4081	132
5355	133
7307	133
3039	134
4014	134
5332	134
2434	134
1115	135
4273	135
5272	136
5488	137
1206	137
4262	137
4291	137
6169	137
3761	138
5498	139
5374	140
3756	140
8040	140
9155	140
5267	141
5352	141
9200	141
2234	142
5177	142
3733	143
3629	144
4413	144
3515	144
5189	144
3043	145
1368	145
9182	146
5339	146
5101	146
9161	146
3641	147
3155	147
2152	147
2172	147
3026	147
5237	148
4381	148
4317	148
5187	148
1265	149
4257	149
4379	149
6028	149
5484	149
5190	150
5048	150
4277	150
2388	151
6132	151
3014	152
5504	152
4335	152
3621	153
1157	153
4274	153
4346	154
3019	154
5459	155
9190	156
6022	157
2184	157
5269	158
6219	159
3754	159
4288	160
9181	160
4289	160
4252	161
2132	161
5264	161
5122	162
3667	162
1381	162
4118	163
5384	164
9183	164
9149	165
3736	165
1114	166
4121	166
5261	167
5095	168
4427	168
9193	168
5107	168
5998	169
3170	170
7303	171
5468	172
3766	172
5466	172
9192	172
9204	173
4228	173
5470	174
5005	174
1295	175
8043	175
9509	176
5244	176
1039	177
5385	177
5472	178
5126	178
6193	179
3723	180
3037	181
3683	182
3394	182
3741	183
1421	183
3623	184
3370	185
4376	185
5238	186
6057	186
4227	186
5271	187
4261	187
2069	187
8035	187
3274	187
4221	188
2021	189
5282	190
3032	190
5268	191
1190	191
1066	191
4290	191
5366	191
3727	191
3221	192
4266	192
5452	193
1339	193
3397	194
3517	194
5486	194
9188	195
6170	195
5297	195
9201	196
5423	196
5115	196
5050	196
4059	197
5401	198
1033	198
4200	198
3268	198
4294	199
6112	199
2447	199
8019	199
3331	199
4254	200
3368	200
2436	201
1011	201
2051	201
9169	201
5249	201
2085	202
3492	202
4220	203
4256	203
5342	203
3369	203
2123	203
3343	203
3675	204
4279	204
5128	204
9144	204
9176	204
5250	205
3728	205
4245	205
6154	206
3698	206
5262	207
6090	207
5123	207
5253	207
5265	208
2079	208
5213	208
5475	208
2423	209
4243	209
3475	209
3670	209
5344	209
5330	210
3358	210
4057	210
9153	211
3501	211
4160	211
9194	212
2441	212
1311	212
9609	212
9159	213
9189	214
3513	214
5312	215
4116	215
6092	215
3512	215
3734	216
9209	216
4267	216
2125	217
1243	217
4295	218
5286	218
3266	219
8056	220
5392	220
9199	220
3361	220
4383	221
8023	221
3526	221
4260	222
5450	222
1370	222
4247	222
6085	223
2323	223
5429	223
6041	223
4388	223
3258	223
4280	223
6016	223
6182	223
2108	224
5100	224
9148	224
1130	224
6060	224
3393	224
5019	225
8038	225
9196	225
3186	225
2444	226
5076	226
5006	226
4219	226
5103	227
5240	227
5372	227
4203	228
3389	228
5327	228
9203	228
4330	229
3230	229
3398	229
9186	230
4250	230
5345	230
2067	230
3637	232
2293	232
5343	232
2439	232
3697	232
4136	232
3714	232
5328	232
4412	233
5340	233
9202	234
7302	234
4426	234
1266	235
5273	235
1372	236
9154	236
3036	237
2445	237
5109	238
3379	238
4315	238
1217	238
3326	238
9166	238
3700	239
2156	239
1377	239
9187	239
5441	240
4018	240
6103	241
6031	242
3708	242
5140	242
3392	243
5341	243
6151	243
6109	243
1343	244
4205	244
3380	244
5336	244
3442	244
3072	245
4026	245
1179	245
4255	245
5117	245
3635	245
5485	246
2084	246
2236	246
4268	247
2306	247
3640	247
5444	248
4115	248
5997	248
3479	248
9143	249
4341	249
6038	249
5478	249
9168	250
2378	250
3658	250
3624	250
9147	250
4239	250
9185	251
4259	251
4270	251
3672	251
4028	252
3726	252
8022	252
4276	252
4340	253
1272	253
4253	253
5465	253
3493	254
5440	254
2443	255
5277	255
3053	255
4061	256
5324	256
5110	257
3634	257
2253	257
3075	257
4129	257
5383	258
3711	258
3655	258
2013	258
1136	258
3126	258
1332	258
4024	259
3458	259
6047	259
5325	259
1293	260
1037	260
5296	260
8024	260
4422	260
9508	261
4336	261
5052	261
3631	261
3633	262
6010	262
3632	262
8046	262
5138	263
6172	263
5386	263
4123	263
5427	263
1357	263
5495	263
6015	264
1003	264
3198	265
3350	266
1259	266
5511	266
4021	266
2211	266
3437	266
5185	266
6061	268
5333	268
3356	268
9174	269
5055	269
3127	270
5435	270
3664	270
4068	270
3076	270
3154	270
4246	271
5438	271
6048	271
3262	271
1417	271
3271	271
4251	272
3051	272
4312	272
2114	273
2405	273
4265	273
2179	274
3725	274
8057	274
6075	274
3193	274
6082	274
5094	274
3636	274
4244	274
1284	274
1410	274
3012	275
1198	275
4192	275
3336	275
5263	276
1129	277
3061	277
5320	277
3732	277
3730	278
8036	279
5334	279
2410	279
3681	279
3669	279
3619	279
5483	280
3203	281
2339	281
4062	281
4218	281
2446	282
5326	282
1074	282
3444	283
3671	283
5181	284
4195	284
3327	284
5467	285
2364	285
3060	285
4126	286
4392	286
4296	286
5085	286
3717	286
4001	286
4023	286
4323	286
5293	287
6083	287
3018	287
5056	287
4278	287
4332	287
4406	288
3678	288
2083	288
2325	289
5239	289
4042	289
5084	290
6108	290
4424	290
5183	290
5397	290
3716	291
3290	291
1420	292
2367	292
3325	292
3445	292
2171	293
5317	293
5474	293
5270	293
4012	294
3175	294
4297	294
3677	294
2389	295
5469	295
4056	295
3602	295
2018	295
6186	296
3360	296
6049	296
5075	296
5027	297
5335	297
1406	297
3321	298
6175	299
1277	299
3322	299
2384	299
3332	300
4161	300
3153	300
6177	300
1405	300
5379	301
5049	301
1271	302
1258	302
5500	302
3224	303
3446	303
6102	303
5338	303
4137	303
5337	304
3059	304
5285	304
2291	304
3721	305
5497	305
2370	305
4044	306
3378	306
5111	306
1319	306
3115	306
5451	307
6115	307
3357	308
3209	308
8025	308
2052	309
2226	310
5208	310
4034	310
3083	310
2377	310
3751	310
5509	311
9507	311
1275	311
3471	311
1247	311
5032	311
6046	311
3650	312
5210	312
1312	312
3035	312
3465	312
5309	312
3679	313
9170	313
8030	314
9156	315
3452	315
5316	315
1353	315
4339	316
4359	316
5043	317
5157	317
7439	317
4404	317
3190	317
6072	317
2028	317
9146	317
8006	318
1270	318
2379	318
3367	319
1361	319
2034	320
3316	321
2321	321
5105	322
9178	322
5418	323
3746	323
2165	324
2270	325
3453	326
2361	327
1159	327
3265	329
5120	329
2344	329
5462	331
2418	331
3651	331
1051	332
1394	332
3030	333
2374	333
3739	333
3719	334
4183	334
4199	334
4391	334
1274	334
4138	335
1294	335
2030	336
3702	336
2263	336
3099	336
2045	337
8055	337
5108	337
5220	337
2110	338
2107	338
1435	338
3349	339
5380	339
3684	340
1313	340
5023	340
2307	340
3399	341
3680	341
1222	341
3740	341
3317	342
3157	343
3391	343
5136	343
6058	344
4134	344
1334	344
2076	344
4149	344
4133	345
3687	345
5230	345
5156	345
8063	346
3645	346
3197	347
2201	347
5358	347
5116	348
3395	348
3375	349
6129	349
6045	350
3261	350
1162	350
4184	351
1297	351
5399	351
3217	351
2099	351
3705	352
5283	352
3260	352
2312	352
3668	352
7494	353
2360	353
6128	353
2382	353
2027	353
2209	356
3231	356
3474	356
3214	357
1182	357
3610	358
5331	358
2333	359
6081	359
2322	359
2168	359
4194	359
5040	360
1416	360
3181	360
3195	361
3002	361
2232	363
3151	363
3017	364
3191	364
2286	364
1102	364
3454	366
1096	366
3607	366
2007	366
3481	366
5221	366
2181	366
2207	367
3263	367
3461	367
2153	368
4196	368
8027	369
6185	369
9167	369
5433	369
5155	369
2419	370
8028	370
3074	371
3194	371
4314	371
3374	371
3480	371
5298	371
5173	371
2359	371
971	372
2053	372
1154	372
6198	372
1224	372
1422	372
2118	373
4310	373
1327	373
2035	373
3450	375
4222	375
4204	375
3158	375
5434	376
3706	376
3462	376
1316	379
3696	379
1386	379
3731	379
3359	379
2435	379
3390	380
5514	381
1298	381
5279	381
6097	381
4063	381
2205	382
6161	382
1415	383
2203	383
6086	383
3264	383
1174	384
5067	384
3213	384
2437	385
3396	385
7489	386
4329	387
3330	387
5388	387
4182	387
1004	387
1120	387
9172	388
5057	388
1287	389
5502	389
3752	389
1320	390
8049	390
9501	391
3674	391
3270	392
6065	392
5445	392
3087	392
2383	393
6145	393
3478	393
2386	393
2414	393
2304	394
2387	394
2213	394
3062	395
3644	395
5226	395
3738	396
1242	396
5199	396
3377	396
2109	396
3353	396
4079	396
3720	397
3722	398
4058	398
5505	398
6093	399
5513	400
6146	400
3050	401
2454	401
2182	402
2229	402
2329	403
5113	403
1281	403
1183	403
2210	403
5204	404
6188	404
4119	404
1177	404
3499	405
2363	405
2264	405
2294	406
4109	406
6094	407
3682	408
3354	409
2282	409
3259	409
5507	409
5241	410
3381	410
6187	410
5503	410
5506	410
2342	411
2331	411
6173	411
3703	412
5314	412
5294	413
5176	413
1235	413
6183	414
4130	414
6104	415
1221	415
1340	416
5346	416
3232	417
9505	418
5319	419
4125	419
5228	419
1300	419
5364	420
6181	420
4019	421
1193	421
4324	421
5406	422
3248	422
1065	423
5347	423
5363	424
1335	424
4321	424
4206	424
3656	424
2310	425
5132	425
6168	425
6163	425
3449	425
6107	425
5131	426
8061	426
1213	426
3320	426
2366	426
3502	427
4158	427
2338	427
1349	427
3616	428
5014	428
1360	428
5442	428
5308	430
1184	431
3215	431
4055	432
2375	432
6037	432
4258	432
1396	433
4120	433
3410	433
6110	433
3735	433
3329	433
1407	433
4045	434
2408	434
2302	434
3622	434
5360	434
4054	435
3028	435
3351	435
3253	435
5288	436
3436	436
6084	437
5205	437
3689	438
3695	438
2247	438
3001	438
1180	438
4148	439
3685	439
4343	440
4334	440
3626	440
5144	440
2280	441
2269	441
2157	441
3371	442
3225	442
2221	443
1434	443
3694	444
4232	444
4070	445
1299	445
4302	446
3662	446
3688	446
5306	446
2180	447
2206	447
4301	447
1321	447
2139	447
2309	447
7467	448
1249	448
2265	448
1155	449
4091	449
3152	449
5461	450
1095	451
6119	451
3242	451
6006	452
1097	452
5215	453
3647	453
1050	453
5186	453
3128	453
8026	454
3434	454
4398	455
3413	455
1005	456
3211	456
4060	456
3088	456
6184	456
1126	456
6042	457
5419	457
6120	458
1094	458
6152	458
1124	459
6141	459
1121	460
4308	460
3620	461
1218	461
3724	461
1376	462
3208	462
3441	462
6105	462
3021	462
6070	463
3192	464
8048	464
1173	464
4316	465
5018	466
1211	466
5311	467
5015	467
3238	467
5492	467
3054	468
2189	468
3279	468
1027	468
4067	468
5321	469
4275	469
5499	469
4327	469
1296	469
2038	469
2146	470
5322	470
3159	470
5463	470
3277	471
5087	472
3272	472
5512	474
7466	475
4405	475
5323	475
2279	475
1131	475
3503	477
4309	477
4201	477
8009	477
1038	477
6130	477
2094	477
1230	478
2129	478
3435	478
3286	479
1248	479
2056	479
3212	479
3162	480
2422	481
4071	481
5139	482
1262	482
1336	482
3210	482
2082	482
3676	482
6190	483
3414	483
3646	483
6052	483
3617	483
3673	484
3033	484
3063	484
2225	485
9173	485
4086	485
2376	485
2098	486
6153	486
5455	487
3207	487
3507	488
3692	488
4238	488
3470	488
2380	488
3196	489
4397	489
4269	489
3431	490
3237	490
6156	490
4208	491
2072	491
6166	491
2449	491
3701	492
1208	492
9502	494
1079	494
4311	494
3287	494
4197	496
6059	496
1404	496
4360	497
7652	497
5146	497
5086	497
4409	497
5387	498
1411	498
2119	498
1267	499
3749	500
5313	500
1090	500
6009	501
3273	501
4124	502
2198	502
4216	503
7462	503
4146	503
8052	504
3114	504
4284	504
6079	504
5275	505
6113	505
7484	505
3078	505
2402	506
4416	506
3314	506
4035	506
5079	507
2452	507
5017	508
5259	508
6137	508
5370	509
3202	510
5404	510
2255	511
2369	512
2368	512
4110	512
1352	512
3710	513
4092	513
2328	513
4300	513
2451	513
3745	513
1379	514
8054	514
3750	515
2163	516
9145	517
2251	517
2267	517
4006	517
2438	517
2036	518
4313	518
4089	518
9191	519
6143	519
5357	519
4101	520
6180	520
6088	520
5479	521
1099	522
2222	522
3079	523
4333	525
6021	525
2223	526
1128	526
7678	527
3601	527
3659	527
7483	528
5201	528
1286	529
4328	529
4102	530
3216	530
4375	530
1067	531
1024	531
1076	531
4306	532
2412	532
3415	532
1069	532
6067	533
6087	533
6062	533
5373	534
3251	535
5159	535
6071	535
3204	535
2246	536
3007	536
1347	536
6063	537
3280	537
3463	538
6096	539
7672	540
3049	541
2390	542
1108	542
4076	544
1048	544
5066	545
3464	545
4326	545
2266	545
1015	545
3657	545
3149	546
3639	546
3365	547
7646	547
5200	548
5281	548
6171	548
4151	548
3077	549
7675	549
5422	549
4320	550
4167	550
3113	550
6150	551
1085	552
3097	553
3323	554
1104	554
6196	554
4202	554
1138	554
3612	555
4198	556
7490	557
9165	557
7459	558
1197	558
4337	559
1269	560
2127	560
5224	560
1279	561
1071	562
5454	562
1330	562
3080	563
3111	563
6131	564
6162	564
5260	565
6142	565
5029	565
6201	565
5013	566
2308	566
5134	567
2093	567
1111	567
6040	568
2346	569
6140	569
2140	571
1146	571
5198	572
1373	573
5371	573
1215	573
3091	575
6138	575
3416	576
7643	576
5315	576
3663	576
3625	577
2130	577
1073	578
7821	579
3469	579
6066	579
5058	580
5227	580
1043	580
3293	580
2031	580
3269	581
2413	581
6139	581
5365	583
5447	584
1133	584
7651	584
1366	584
6033	585
4223	588
5171	588
1393	588
3189	589
3319	589
4053	589
5274	589
6178	589
1109	590
3715	591
3382	591
2174	591
1252	591
2022	592
1103	592
3335	592
3443	592
6199	592
3388	593
1168	593
5135	594
3743	595
1303	595
4237	595
1428	595
3482	595
3693	597
1058	598
5008	599
5436	599
1016	601
1214	601
3342	602
4017	602
2143	602
2137	603
6121	603
1191	604
5289	604
2136	604
7664	604
2134	605
4098	605
2177	605
4217	606
1010	606
5284	606
1338	607
5028	607
4207	607
6053	608
5400	608
4106	609
6078	610
7655	610
5305	611
7801	611
7668	612
1161	614
1063	615
1031	615
2150	615
1302	616
1414	616
3239	616
6149	616
1397	617
4009	617
3318	617
5026	617
5430	617
3187	618
5149	618
6032	619
1380	619
6116	619
6074	620
6035	620
2409	621
5133	621
1166	622
6036	622
4097	623
4387	624
2102	624
1322	626
9160	626
6147	627
5381	628
1306	628
3660	628
3090	628
2149	629
4131	629
5083	629
3649	629
3038	631
4072	631
5041	632
4211	633
5457	634
5229	634
3473	634
6020	634
6136	634
4347	635
5217	636
3642	636
1403	637
7647	638
3160	638
9122	638
2178	638
2362	639
4225	639
2416	640
3352	641
5150	641
3249	642
3373	642
2415	643
3130	643
1304	644
3718	644
5080	644
5219	644
5405	644
6191	644
4043	644
6017	645
3472	645
2060	646
7674	647
6080	648
1232	648
5280	648
6134	648
1187	648
3455	649
4029	649
7463	649
6194	649
4240	649
1400	650
4073	650
4005	652
4189	652
2228	652
4082	653
9141	653
3073	654
5081	654
7673	654
2298	655
3638	656
5446	656
1282	656
9026	657
1045	658
4037	659
2311	659
1014	659
5202	659
3476	660
5053	660
4069	660
2199	660
5203	660
3055	662
1145	662
2145	662
2122	662
6179	663
4191	663
2227	663
1013	666
9142	666
5012	667
4352	667
3605	667
7491	667
7645	668
1169	669
1175	669
3384	669
1219	670
5166	673
7460	674
5426	675
4411	675
2162	676
2341	677
2161	677
3737	678
1378	678
1132	678
4210	679
5164	679
8018	682
6123	682
6189	682
4132	683
2281	684
2049	685
4122	686
1240	686
7486	687
1176	688
6127	688
2421	692
4371	692
1328	692
5172	693
3467	693
2295	694
3744	694
1280	695
1207	695
6197	696
5348	697
3148	698
5070	698
3008	699
7488	699
1188	699
1369	699
4345	699
2327	700
6055	701
4408	701
3420	701
6158	701
5030	703
6030	704
3334	704
4362	705
3003	705
7479	706
1151	706
2231	707
3729	708
3691	708
7663	708
5278	708
1170	709
2144	710
5218	710
5065	710
2235	710
2297	711
2169	712
3058	712
2095	713
3661	715
7657	715
4032	715
4050	715
6164	716
1341	716
2392	718
7816	719
5174	719
1105	719
1424	720
1388	720
4400	722
7485	722
3118	723
1385	724
2224	726
1165	727
3276	728
3140	728
6064	729
1395	729
6100	730
2111	731
4399	732
5060	732
7822	733
1181	733
3131	734
6200	734
2420	737
2250	739
3366	740
3690	740
5089	740
2185	741
2254	742
3182	742
1264	742
6004	742
7677	743
2345	743
2381	743
5063	744
1044	744
4230	744
2284	745
4322	745
2411	745
3147	746
6114	746
3011	747
5456	748
3468	748
6202	749
1164	749
6167	749
2202	751
6160	753
6135	754
3609	755
3112	755
3188	757
1171	758
5209	759
3411	761
3163	761
2197	762
3132	762
2204	762
6195	763
5501	763
3095	764
2026	765
2406	767
1290	767
5408	767
2285	767
4385	768
3328	768
3466	768
1371	769
7487	771
4188	771
5290	771
4236	774
1374	775
1367	775
2105	777
5034	777
5410	778
4010	778
8033	778
6034	779
5310	780
9088	780
4235	781
5069	781
6076	782
5147	784
5090	786
2044	786
3627	788
1276	791
3460	793
2091	793
3483	793
7817	794
1331	794
5151	796
9504	796
7823	797
1009	797
2175	798
3345	798
6144	799
4234	800
6122	803
3614	804
1178	804
5222	805
2395	806
4052	807
7809	808
5299	810
3045	810
7810	810
6106	811
4390	811
1383	811
1254	812
5206	812
5508	813
4128	814
6069	814
5375	815
3451	815
1323	817
1268	817
5044	818
1163	818
3387	819
3490	819
5068	819
6118	822
6125	823
5448	824
6148	824
1189	825
2191	825
5409	826
3385	827
4153	827
3098	827
3448	828
5223	828
2237	829
4157	829
2330	829
4147	832
4046	835
1172	835
6206	836
6165	836
4233	837
7679	839
3200	840
2142	841
2212	841
3223	841
2121	841
1186	842
1220	843
6054	844
1137	844
2183	844
1101	844
2317	844
5145	845
2440	846
3094	846
3034	849
2138	849
4356	850
7807	853
7667	855
1358	855
4338	856
3430	857
1144	857
5214	857
6023	857
4403	858
1080	858
6209	863
2407	864
3205	864
6029	864
5412	865
3240	866
1084	869
4374	870
4075	870
2193	870
6077	872
7480	874
7654	875
2385	877
3086	878
4114	879
1026	881
3101	881
9135	884
2334	884
3022	885
1292	887
2194	891
4171	892
1425	892
1285	893
2147	893
4226	893
2336	895
2106	895
1158	899
2104	899
2391	904
2313	904
3409	905
2164	906
5051	907
2372	913
2243	918
6155	918
1059	919
4325	920
4040	921
2365	923
2187	925
2116	925
2394	925
1308	929
3713	929
1196	930
2160	931
1021	931
2186	932
3428	932
7453	934
5443	935
3484	935
1023	936
3121	936
3005	937
5216	943
6159	944
1054	945
7656	946
6157	946
2059	949
3052	949
3340	949
1238	952
7820	952
3333	952
2133	952
5287	952
3457	955
3355	956
1007	958
1078	960
9707	963
4229	964
1337	964
3615	965
3110	965
6091	966
2349	967
7815	969
3418	969
5391	971
5167	972
2343	972
1034	974
3686	975
3412	977
7666	978
1142	978
1344	980
2126	982
4344	985
2043	985
7461	987
4393	988
1152	990
2404	990
5061	992
2216	993
1362	993
7642	994
3486	994
7641	994
2092	996
5394	996
2131	998
3429	998
3456	1000
9123	1002
3100	1003
1307	1005
4373	1006
7804	1006
5074	1006
1212	1007
7819	1007
5137	1009
2290	1010
1239	1012
9134	1015
3346	1015
6044	1017
5449	1020
5143	1020
3439	1021
3315	1024
4008	1024
2097	1025
5039	1026
3180	1027
5004	1028
4372	1028
3489	1028
2217	1029
6126	1033
7454	1035
7814	1035
1075	1036
7803	1037
3102	1037
3218	1039
4166	1040
3106	1040
1359	1040
2190	1041
5356	1042
2314	1043
4103	1045
1167	1046
4292	1052
4164	1052
6002	1053
3103	1054
5009	1055
7640	1058
4168	1059
1077	1066
3654	1068
2430	1071
5158	1072
2071	1073
7334	1077
3069	1093
3144	1094
1002	1096
4002	1097
5453	1097
3143	1101
3344	1101
3142	1107
7475	1108
2299	1108
4365	1111
1398	1113
9935	1118
9132	1119
7812	1120
2277	1120
4172	1125
3241	1126
2300	1127
4212	1127
7482	1129
1135	1129
5481	1130
2117	1132
4135	1134
8029	1135
1345	1136
3141	1140
2373	1141
4396	1141
9506	1142
4213	1143
6211	1143
2432	1146
3618	1147
2332	1148
4363	1148
1150	1149
5291	1151
4105	1154
5082	1155
6018	1156
6133	1158
2008	1159
2318	1160
6068	1160
9120	1162
1310	1162
1333	1162
1093	1162
5010	1168
9124	1169
5141	1169
8031	1171
1156	1172
2450	1176
6089	1180
6025	1181
6012	1181
2050	1182
7478	1182
6099	1183
3653	1185
3748	1186
7612	1189
3440	1189
1348	1190
5437	1196
3129	1196
1364	1197
5078	1201
1153	1202
5054	1206
9108	1206
2192	1210
4361	1210
2261	1211
4165	1216
5398	1216
4181	1217
3244	1220
3709	1222
3408	1223
1253	1225
2151	1226
1315	1227
3219	1228
7470	1230
1112	1231
1273	1233
4047	1234
6005	1234
2141	1243
2425	1247
2348	1247
7808	1251
6073	1251
3228	1252
5212	1253
7671	1255
1117	1256
1350	1259
6007	1262
1110	1274
2074	1279
1118	1288
5318	1289
2233	1291
6013	1292
2195	1295
3245	1295
2112	1295
3023	1301
2033	1304
2220	1305
5482	1308
3150	1309
4185	1311
7477	1312
1413	1313
2424	1313
2289	1316
1229	1318
3348	1318
1140	1319
1257	1319
3386	1322
7644	1325
9137	1325
4224	1330
1408	1332
3145	1335
2005	1337
2215	1341
1354	1347
4283	1348
2431	1352
7811	1353
5292	1358
1091	1360
4112	1363
2272	1369
1288	1369
4353	1369
5390	1370
4231	1373
5361	1374
1089	1379
7806	1381
3201	1387
1119	1389
4174	1391
7648	1393
4143	1393
2268	1396
2135	1398
1387	1398
4351	1401
2046	1401
1365	1402
1355	1404
7662	1407
1052	1410
2101	1412
3401	1413
6003	1419
7805	1423
3643	1423
7457	1423
4142	1425
2090	1429
5073	1435
2120	1438
4163	1439
3199	1440
3707	1440
3243	1441
7456	1443
9912	1444
7493	1445
2335	1449
4394	1452
6192	1458
4108	1464
2262	1464
2320	1466
4169	1469
7465	1471
7474	1471
2433	1472
4179	1473
4170	1474
6014	1474
1019	1479
1289	1482
1256	1484
3704	1485
4355	1493
9095	1494
5411	1501
4209	1503
1195	1505
1032	1506
4178	1506
4186	1507
6026	1510
4215	1510
7319	1511
1087	1512
1346	1512
2061	1515
2347	1516
2357	1517
3364	1520
4175	1525
2356	1530
7450	1531
1363	1533
2403	1534
9127	1537
5153	1538
9126	1543
5417	1544
1241	1546
5415	1550
4354	1550
9117	1552
3025	1554
4417	1559
4154	1559
4307	1563
3347	1565
7476	1566
1209	1573
2458	1576
2070	1580
5071	1581
1040	1586
3222	1588
1042	1592
4395	1594
1127	1595
4369	1599
1401	1606
9919	1614
6124	1623
4113	1625
5396	1626
9136	1626
1399	1627
7639	1632
3628	1635
3124	1637
4066	1639
3220	1643
3747	1649
3424	1653
3438	1661
9093	1661
1123	1668
1309	1672
2358	1675
1318	1675
3376	1677
5225	1679
9608	1680
2427	1686
5152	1687
2351	1691
4104	1694
7802	1700
2428	1709
4342	1710
3423	1710
5393	1710
9910	1711
5045	1712
1088	1733
8051	1735
8021	1738
5062	1750
4107	1751
2429	1753
9121	1771
5276	1774
5148	1776
6024	1781
3275	1782
5307	1782
5154	1785
8005	1788
1301	1792
4156	1795
5025	1799
5464	1801
1092	1805
4366	1806
6043	1807
4368	1822
9907	1825
5088	1826
3742	1826
2173	1834
4177	1858
9023	1860
4370	1861
5403	1862
7464	1863
7813	1867
5431	1869
3123	1879
5425	1882
9046	1884
5432	1893
1329	1895
1384	1897
3233	1901
1210	1903
1375	1905
4139	1905
5369	1905
2115	1910
7455	1914
1412	1918
3236	1922
2352	1927
9113	1933
2271	1933
1113	1935
3666	1943
4386	1944
2066	1945
5161	1950
2397	1952
1325	1954
5476	1954
2003	1955
1139	1956
9607	1957
6008	1974
8012	1981
2170	1983
9049	1986
9077	1991
5091	1992
7472	1999
7473	2004
8011	2006
6056	2006
3405	2007
9110	2022
4242	2029
9037	2031
1356	2034
4080	2037
7649	2040
2047	2041
9101	2045
5235	2083
1317	2087
4090	2093
9092	2101
1020	2104
6207	2108
1122	2119
4173	2120
5416	2127
9908	2135
2288	2135
9073	2138
9039	2142
4357	2146
3120	2154
1228	2156
4176	2163
4367	2181
3338	2183
2188	2185
2103	2189
4078	2196
9929	2197
4410	2206
3048	2206
5129	2208
9133	2209
5395	2210
9125	2218
9100	2234
2326	2235
8066	2240
4100	2242
8017	2242
5193	2253
2075	2258
4141	2259
1255	2268
9924	2271
3235	2277
2354	2293
4152	2307
3603	2325
1389	2326
4214	2326
2396	2327
1082	2330
3500	2335
2353	2335
4180	2339
5414	2353
4088	2373
2276	2378
9019	2390
3611	2392
8002	2401
9114	2405
1227	2406
2337	2449
1018	2476
3427	2480
2305	2490
4364	2492
3699	2530
3119	2542
1125	2558
3122	2571
5168	2588
3608	2603
1225	2604
2048	2614
5064	2619
3372	2621
5413	2625
9029	2631
9923	2633
1143	2643
5197	2652
9071	2657
1342	2674
5211	2689
6208	2707
5207	2718
7471	2731
9053	2734
9118	2735
9013	2739
3184	2748
5378	2787
2001	2812
1390	2830
2398	2832
1017	2848
9038	2849
5402	2881
2401	2884
8013	2897
2417	2898
1402	2912
2350	2917
1244	2919
5169	2919
2400	2927
6027	2938
2393	2940
9061	2940
7632	2946
2019	2952
9035	2959
9048	2970
4155	2976
2426	2977
4087	2979
2159	2983
7638	2996
2248	3001
2113	3012
3185	3017
5160	3020
5072	3026
1072	3052
9128	3059
5420	3063
1022	3065
5163	3085
3257	3094
3613	3095
4048	3099
5382	3108
9604	3140
4145	3145
9080	3153
9094	3165
7406	3166
9131	3172
2371	3204
9921	3204
3226	3219
9902	3231
9022	3257
3712	3264
9925	3274
5195	3275
9916	3318
9116	3325
4022	3331
7469	3341
7430	3353
3183	3354
9089	3357
3630	3383
5234	3414
9096	3415
9075	3440
2252	3448
9076	3449
2009	3481
1391	3499
4248	3526
7379	3544
1116	3559
9005	3592
2303	3595
7552	3595
2158	3609
5424	3611
9926	3615
9920	3638
1107	3638
8008	3654
7440	3655
7432	3665
5059	3667
9917	3690
1006	3707
9084	3746
4190	3748
9045	3757
7636	3760
9705	3765
7441	3802
1226	3821
5162	3861
1008	3897
9040	3903
9015	3915
9927	3922
9062	3926
7431	3929
7416	3934
9059	3941
3604	3943
1314	3969
9065	3978
2037	3981
9102	3999
9054	4037
9050	4085
5194	4092
2167	4119
9021	4130
1106	4162
9052	4200
9014	4200
3426	4207
9016	4222
9107	4279
9909	4286
4083	4305
7447	4310
5170	4325
7422	4330
9012	4337
9112	4366
9004	4399
3432	4431
1351	4487
7411	4507
7366	4508
9918	4530
9086	4556
9119	4571
2100	4603
9130	4612
1194	4636
9090	4636
3404	4636
7443	4725
7446	4743
9002	4748
7628	4773
9103	4777
7419	4797
9602	4799
9066	4800
9060	4820
5020	4886
9701	4973
7553	4980
3324	5006
7637	5028
7333	5088
9051	5171
9036	5172
1141	5191
9106	5192
5196	5288
7364	5296
7426	5296
5142	5309
7368	5312
7551	5321
9903	5338
4077	5347
9906	5360
2196	5406
9063	5420
9933	5532
9922	5536
2004	5623
8016	5624
7409	5634
9007	5697
9042	5702
2453	5706
7629	5710
9085	5762
9028	5793
1245	5823
5389	5832
7425	5838
9115	5846
7362	5849
7385	5853
7391	5874
7398	5886
7384	5931
4187	5933
7410	6010
9603	6030
7367	6044
9058	6076
9928	6086
7418	6114
7444	6120
3044	6218
7554	6236
7317	6246
7370	6302
5494	6315
7436	6333
4027	6347
7560	6354
7448	6366
7331	6379
9032	6430
7407	6442
7563	6500
1324	6514
7633	6528
9010	6618
9057	6656
7627	6659
7340	6659
9932	6666
9018	6667
7401	6698
5104	6699
1432	6706
9129	6730
9070	6731
7635	6788
3425	6949
7389	6953
6174	6973
7564	7007
7336	7064
7565	7136
7562	7150
9606	7186
5421	7242
1326	7250
7624	7351
7603	7448
7356	7468
8001	7476
9078	7482
9027	7502
9067	7511
7602	7630
9087	7637
5496	7707
7429	7837
7556	7915
7620	7934
7376	7990
7558	8028
9025	8040
7378	8049
7445	8068
7557	8132
9043	8184
7337	8187
1427	8202
7373	8290
7435	8323
7412	8327
7625	8386
2273	8582
9031	8586
7610	8712
4020	8809
7623	8844
7601	8875
7386	8920
7374	9101
9074	9112
7415	9160
7403	9216
7604	9223
7393	9242
2024	9315
7347	9348
9024	9378
7630	9387
7308	9412
7325	9478
7413	9524
7392	9529
9914	9595
7631	9679
7360	9762
7390	9807
7408	9874
9930	9884
9083	9930
6101	9969
5300	10052
7619	10065
7609	10141
9079	10165
2041	10201
9068	10210
1134	10216
7634	10251
8004	10354
9104	10384
7605	10515
9911	10542
7400	10584
4064	10591
7607	10608
7346	10622
9020	10634
7353	10639
7345	10659
2023	10667
9105	10768
7372	10783
9091	10807
7348	10884
7329	10931
7417	10957
7342	10973
7621	11064
7352	11126
5130	11191
7338	11312
7427	11428
7380	11543
7315	11610
9056	11611
7437	11628
9034	11693
7318	11899
7555	11971
9702	11987
8010	11999
9111	12017
9044	12101
3606	12114
9915	12266
7402	12420
7351	12809
7316	12893
7559	12977
7421	13094
7606	13240
9011	13358
7442	13569
7313	13714
9904	13735
7365	13805
7382	14007
7615	14442
7424	14471
7344	14696
7611	14720
1160	14750
2025	14785
8003	14900
9931	14901
7616	15129
9069	15148
7566	15296
7387	15303
7614	15317
5368	15382
7388	15459
6210	15521
7405	15674
7361	15748
9081	15764
9601	16097
9041	16153
7343	16190
7369	16280
9009	16304
7330	16497
7354	16526
7618	16543
7626	16609
9001	16694
4074	16867
9008	16968
7371	16987
7423	17073
7326	17401
9055	17486
9064	17508
9703	17552
1036	17651
8007	17931
2015	18232
7394	18235
7608	18253
5001	18343
7322	18617
7428	18674
7414	18816
7617	19080
3006	19499
3010	20004
1001	20012
2042	20207
9704	20620
7312	20732
7324	21131
7404	21465
9017	21575
1430	21963
7328	21976
9605	21992
7396	22186
6095	22223
7321	22250
7395	22767
9082	23159
7383	23160
9030	23779
7613	23783
7363	23984
7350	24174
2089	24514
1041	24515
3339	24596
9099	24685
7332	24835
9934	25367
7561	26341
6117	26405
7309	26446
3089	26681
7377	26899
1053	27033
9097	27495
5175	27638
9913	27916
9905	28424
3648	28898
2058	29286
7449	29841
9047	31077
9006	31443
3487	31912
7327	32265
7622	32453
4096	32946
7357	33097
7310	33176
9072	33586
3447	33841
7375	34187
7311	34428
5480	35116
9003	35596
7381	36016
7341	36525
5359	36756
5021	37067
1055	37183
2073	39825
5016	41186
3031	41276
2040	41333
9901	41401
7335	41729
7355	42504
8014	43056
4004	43220
2010	43576
2014	43906
5002	44717
7349	45499
5301	46965
5046	47357
3165	48757
7314	49529
7359	49911
7323	51465
9706	53813
6205	55000
1028	55454
5037	55907
7339	57186
7320	59951
8015	61899
4013	65157
4049	66374
4015	66542
2032	67496
5024	68814
5047	71020
9098	71289
1081	77911
5022	78306
6001	81338
2088	86247
3417	110843
4051	115487
5011	137058
7358	155457
